30 2
000010000000011010000000000000
000010100010000000000102000000
100000002020020000001000000200
000002100001100000000000010100
000000100000100002000200000020
002021102000000000201000102020
102000100001010000001002000000
000000101010000220100100000102
022121000010100000000210000000
000100000010000000100002001210
010000010000001000000021000002
000002021120200001000000020002
000001000002100100000102020200
000000000000000000010200000200
000020000000000000000001000001
011002200000001000000200020011
000020000002002010000200010200
000001200000002020200202011021
000012000000200000000001000020
001120010100000000000220100102
000010000220000200000000000000
110020002000020001200002000200
100001000000010000000000000212
021000010210000000200002002000
000000002000000000000001020002
000010000200000020200000000000
000000022002000020000010000100
000120220000000002000000001000
000000000000002012000000020202
001000011000110200010010000000
